filePath RMSD_mean RMSD_stdev dSASA_init_mean dSASA_init_stdev dSASA_final_mean dSASA_final_stdev [n=200]
match_1_0405_0002 1.403  0.333 990.711  38.257 942.029  44.122
match_1_0564_0007 1.176  0.216 982.283  40.993 1071.096  45.337
match_1_0271_0003 0.765  0.130 989.366  35.013 1100.520  36.286
match_1_0243_0010 1.334  0.194 1013.935  27.361 1094.844  45.468
match_1_0779_0006 1.004  0.217 1027.698  21.014 1094.383  33.497
match_1_0115_0003 1.446  0.213 963.347  27.604 951.020  37.120
match_1_0221_0005 1.088  0.405 970.781  25.678 941.598  38.599
match_1_0257_0006 1.006  0.271 1046.029  28.245 1067.023  42.073
match_1_0452_0002 0.790  0.146 960.758  30.368 994.185  22.671
match_1_0288_0001 nan  nan 967.218  23.853 967.218  23.853
match_1_0008_0001 1.198  0.156 970.234  30.415 1050.778  34.192
match_1_0759_0008 1.414  0.138 934.057  37.205 955.720  31.956
match_1_0392_0007 1.252  0.282 975.735  34.054 940.618  43.785
match_1_0096_0007 0.801  0.158 1058.888  18.420 1049.134  44.524
match_1_0294_0001 1.389  0.279 1011.316  18.772 1049.332  30.942
match_1_0420_0005 0.943  0.207 1019.334  43.972 1104.975  48.493
match_1_0721_0004 0.791  0.125 967.816  16.785 960.159  29.680
match_1_0144_0003 1.111  0.285 964.744  40.038 927.139  45.168
match_1_0293_0002 0.995  0.122 943.716  42.419 1004.044  27.552
match_1_0400_0006 1.340  0.216 940.205  20.545 1043.236  32.434
match_1_0340_0002 1.125  0.153 953.759  42.488 982.196  39.235
match_1_0464_0003 1.010  0.218 967.336  21.798 980.623  37.307
match_1_0073_0008 0.862  0.176 1009.828  17.659 1041.515  30.179
match_1_0319_0002 0.996  0.269 1061.071  30.623 1100.266  42.377
match_1_0468_0001 1.631  0.167 957.093  50.038 1025.216  38.904
match_1_0473_0006 1.320  0.261 1001.932  27.854 1052.774  48.230
match_1_0298_0001 0.862  0.171 954.004  34.350 1039.355  53.013
match_1_0065_0005 0.813  0.137 1001.834  23.338 984.106  30.751
match_1_0052_0008 0.890  0.171 1008.126  24.077 1018.624  35.418
match_1_0321_0001 1.229  0.244 926.007  44.933 944.495  42.817
match_1_0361_0010 0.685  0.126 1044.680  24.817 1060.979  30.060
match_1_0173_0001 1.373  0.378 983.863  36.198 1068.192  41.392
match_1_0502_0001 0.880  0.176 1044.663  33.296 1002.888  31.832
match_1_0527_0009 1.225  0.180 948.499  45.692 1080.187  48.300
match_1_0449_0005 1.035  0.223 1019.459  23.155 1072.837  30.917
match_1_0534_0007 0.942  0.204 992.439  25.436 1031.750  33.926
match_1_0067_0005 0.852  0.134 961.596  30.343 1014.105  44.349
match_1_0119_0007 1.151  0.193 915.074  44.729 945.700  45.315
match_1_0796_0008 1.246  0.251 1030.605  26.666 1083.875  32.279
match_1_0489_0008 0.956  0.169 935.446  33.776 1029.631  40.889
match_1_0668_0001 0.961  0.192 945.693  44.740 947.765  40.199
match_1_0044_0005 1.430  0.237 942.900  22.392 990.318  48.981
match_1_0688_0003 1.052  0.165 1052.246  37.109 1144.417  40.260
match_1_0416_0005 1.056  0.151 1032.496  49.544 1023.873  38.997
match_1_0140_0001 1.305  0.267 982.006  35.217 965.442  50.677
match_1_0388_0002 1.019  0.390 966.908  34.361 1013.676  30.478
match_1_0687_0003 0.938  0.163 1015.367  41.710 1013.974  27.039
match_1_0752_0009 0.921  0.201 937.929  31.314 944.252  38.999
match_1_0657_0002 1.384  0.171 956.476  30.145 1022.352  41.634
match_1_0718_0003 0.826  0.118 985.092  26.643 1032.384  36.218
match_1_0033_0007 0.889  0.212 926.783  42.111 910.490  36.810
match_1_0548_0008 1.178  0.231 1019.730  26.390 1068.287  55.590
match_1_0783_0006 1.029  0.144 997.755  39.167 1079.227  44.699
match_1_0702_0010 0.773  0.150 965.701  24.504 1009.403  37.008
match_1_0068_0007 0.820  0.235 992.901  20.054 993.545  37.959
match_1_0694_0006 0.799  0.131 1006.575  28.332 1060.281  45.777
match_1_0770_0010 0.739  0.156 1010.732  31.134 1014.643  36.126
match_1_0289_0010 0.848  0.190 990.907  33.631 1062.383  36.393
match_1_0435_0003 1.171  0.182 928.632  36.512 1003.885  38.680
match_1_0050_0004 0.794  0.146 995.101  20.837 1066.049  43.084
match_1_0074_0009 0.985  0.192 997.382  24.831 1051.190  60.517
match_1_0577_0010 1.122  0.148 986.702  43.318 1068.549  39.181
match_1_0205_0006 0.920  0.185 977.777  20.767 999.619  52.010
match_1_0746_0009 1.237  0.263 994.967  24.575 1097.821  31.238
match_1_0560_0009 0.816  0.161 953.598  34.132 1031.185  39.038
match_1_0538_0006 0.861  0.124 1012.659  35.411 1027.949  44.475
match_1_0234_0002 1.308  0.254 1070.008  31.650 1079.103  38.826
match_1_0732_0002 1.251  0.241 967.553  21.354 997.053  40.905
match_1_0072_0009 1.283  0.244 991.523  26.368 971.801  39.043
match_1_0486_0006 0.866  0.158 1069.726  22.401 1100.094  54.797
match_1_0713_0005 0.817  0.150 1015.195  37.782 1073.171  30.989
match_1_0154_0004 1.234  0.182 1003.191  28.111 979.697  36.193
match_1_0637_0009 0.905  0.202 987.493  26.949 997.761  46.322
match_1_0233_0008 0.755  0.112 971.748  29.382 998.024  22.901
match_1_0568_0010 1.021  0.173 987.128  36.241 1021.586  34.942
match_1_0377_0004 0.936  0.173 1028.881  33.912 1044.600  39.241
match_1_0185_0004 1.496  0.283 1001.412  31.259 997.122  55.761
match_1_0337_0004 0.704  0.079 1004.794  23.145 1031.286  27.989
match_1_0310_0005 1.025  0.162 944.394  24.599 962.956  45.498
match_1_0537_0002 0.776  0.176 927.452  30.238 1009.476  31.825
match_1_0597_0003 0.893  0.324 970.503  30.748 976.821  42.243
match_1_0681_0006 0.681  0.138 1050.989  27.440 1056.230  39.377
match_1_0216_0001 1.018  0.146 959.595  37.436 930.627  43.536
match_1_0161_0002 0.783  0.122 988.918  30.358 1040.190  32.514
match_1_0436_0002 0.994  0.204 996.077  25.720 1074.944  35.246
match_1_0010_0005 1.118  0.140 996.574  37.962 1126.084  35.042
match_1_0684_0009 1.051  0.234 960.380  39.283 983.367  40.417
match_1_0352_0005 1.189  0.234 971.798  32.343 1009.601  37.279
match_1_0247_0007 1.131  0.203 1012.058  41.894 1074.438  43.422
match_1_0264_0005 0.991  0.124 946.738  31.524 988.549  38.470
match_1_0148_0009 1.391  0.308 966.095  15.699 1056.483  30.742
match_1_0654_0008 0.804  0.157 970.318  31.693 974.865  32.020
match_1_0526_0009 0.828  0.137 1001.344  31.799 1016.665  42.899
match_1_0528_0009 1.215  0.188 939.982  44.157 1005.464  47.450
match_1_0273_0007 0.976  0.227 1035.738  29.343 1084.556  26.373
match_1_0739_0009 0.832  0.144 953.569  24.733 1036.515  36.657
match_1_0592_0004 1.016  0.172 955.656  29.626 1010.699  35.246
match_1_0300_0004 0.783  0.169 1028.299  28.857 1058.341  41.385
match_1_0066_0001 1.139  0.298 938.810  22.379 1019.972  44.114
match_1_0766_0007 0.916  0.211 948.734  29.930 943.481  47.984
match_1_0576_0005 1.591  0.238 918.953  55.351 976.382  41.128
match_1_0330_0006 1.234  0.250 1034.876  20.204 1114.627  26.721
match_1_0735_0008 0.901  0.140 949.063  16.297 982.141  25.088
match_1_0496_0004 1.204  0.261 951.421  33.975 1012.485  36.488
match_1_0395_0007 1.153  0.236 944.795  35.877 925.612  39.325
match_1_0674_0010 0.945  0.229 1041.659  20.676 1063.044  52.890
match_1_0415_0002 1.144  0.145 1061.587  52.589 1084.271  39.462
match_1_0372_0001 0.736  0.151 997.641  25.413 1036.814  27.804
match_1_0475_0009 0.811  0.162 974.978  28.112 1013.155  34.424
match_1_0508_0001 1.625  0.206 1028.683  33.384 1099.366  37.646
match_1_0773_0001 1.071  0.182 1020.872  28.105 1052.292  24.716
match_1_0104_0005 1.091  0.170 992.198  39.332 1078.568  37.828
match_1_0458_0006 1.158  0.278 986.913  27.314 1046.188  50.635
match_1_0112_0008 1.012  0.209 939.839  22.764 951.895  38.200
match_1_0237_0007 0.680  0.120 970.489  39.409 1029.660  31.511
match_1_0603_0010 0.774  0.131 1022.854  25.616 1047.010  34.314
match_1_0141_0002 0.950  0.165 967.580  19.995 953.570  27.757
match_1_0129_0001 0.737  0.107 1004.069  30.847 1019.450  40.858
match_1_0019_0007 1.204  0.308 973.880  27.216 1052.090  31.242
match_1_0138_0002 1.509  0.183 1057.337  37.565 1093.285  29.955
match_1_0023_0004 1.318  0.217 1026.646  24.814 1102.648  32.026
match_1_0414_0004 0.747  0.100 1072.762  25.564 1084.275  32.726
match_1_0028_0009 0.893  0.174 990.565  32.730 1002.899  26.682
match_1_0505_0007 0.798  0.156 1046.509  22.399 1034.881  39.045
match_1_0551_0006 0.829  0.146 961.220  33.312 983.772  32.645
match_1_0799_0003 1.065  0.254 1056.341  37.514 1130.181  43.284
match_1_0569_0001 0.799  0.217 939.363  36.800 994.847  41.305
match_1_0374_0009 0.802  0.128 997.712  35.459 1025.322  28.861
match_1_0316_0006 1.528  0.342 959.406  17.921 1049.466  37.129
match_1_0139_0001 0.805  0.152 1013.354  26.127 1010.359  44.371
match_1_0599_0004 1.420  0.192 998.185  42.271 891.384  49.691
match_1_0199_0009 0.696  0.136 1026.220  18.258 1055.276  28.663
match_1_0789_0007 0.746  0.119 924.663  28.121 958.721  28.544
match_1_0225_0010 0.792  0.105 981.518  33.618 1009.994  25.818
match_1_0059_0002 1.028  0.289 1002.058  27.823 1090.084  48.661
match_1_0110_0005 0.767  0.122 1060.823  29.173 1076.863  35.593
match_1_0283_0003 1.227  0.184 979.304  27.974 958.362  57.134
match_1_0175_0005 1.050  0.147 956.164  20.315 1025.423  38.989
match_1_0190_0001 1.137  0.297 910.153  32.768 914.771  37.123
match_1_0700_0003 0.772  0.153 987.209  26.388 954.058  23.604
match_1_0616_0008 1.173  0.272 965.916  33.417 948.754  42.480
match_1_0235_0006 0.745  0.170 1007.955  31.859 979.509  45.354
match_1_0135_0008 0.809  0.161 1053.745  16.801 1109.234  39.208
match_1_0503_0007 1.225  0.192 952.575  22.714 1046.199  28.071
match_1_0469_0007 1.055  0.246 961.064  36.772 974.422  52.516
match_1_0594_0004 0.926  0.160 969.759  21.722 1019.890  38.843
match_1_0182_0006 0.894  0.189 999.004  43.064 1027.361  33.311
match_1_0244_0006 0.968  0.272 966.205  26.008 1011.796  40.440
match_1_0707_0009 0.896  0.226 957.876  32.622 951.084  38.189
match_1_0710_0002 1.210  0.196 968.670  40.322 971.990  36.267
match_1_0629_0002 0.741  0.117 1027.718  21.548 1040.370  31.944
match_1_0625_0002 0.977  0.179 984.077  36.465 986.555  51.097
match_1_0287_0006 1.226  0.285 1048.337  27.037 1108.765  46.899
match_1_0278_0009 0.702  0.111 962.593  24.097 998.145  32.876
match_1_0026_0003 0.744  0.122 1012.923  36.620 970.274  29.088
match_1_0272_0005 0.795  0.163 979.947  27.837 973.341  42.369
match_1_0737_0008 0.895  0.155 983.673  30.489 1003.375  36.388
match_1_0754_0009 1.144  0.181 1022.727  30.775 1030.660  47.387
match_1_0562_0005 0.720  0.134 948.095  33.195 966.699  31.194