# filePath RMSD_mean RMSD_stdev dSASA_init_mean dSASA_init_stdev dSASA_final_mean dSASA_final_stdev
m1_0548 1.148  0.209 1005.627  24.594 927.867  38.756
m1_0420 0.607  0.153 1012.337  27.913 954.867  42.275
m1_0033 0.985  0.366 940.994  38.333 905.807  52.950
m1_0388 1.004  0.127 932.785  42.650 894.422  40.103
m1_0138 0.842  0.187 1059.669  31.520 978.937  47.255
m1_0221 0.847  0.171 984.890  31.454 889.757  34.234
m1_0225 1.031  0.081 992.722  29.592 914.586  35.226
m1_0135 0.515  0.079 1071.461  21.081 1065.631  27.446
m1_0300 0.419  0.067 1053.067  20.618 1019.282  33.270
m1_0096 0.450  0.081 1058.442  31.107 1088.238  28.184
m1_0637 1.025  0.156 999.264  42.166 897.347  39.739
m1_0415 0.625  0.104 1054.828  30.838 1046.807  28.788
m1_0414 0.527  0.087 1055.541  28.830 1052.909  27.876
m1_0416 0.827  0.099 940.689  34.111 875.572  30.070
m1_0551 1.090  0.150 972.684  32.337 858.279  29.977
m1_0395 0.854  0.114 979.846  14.359 871.552  33.216
m1_0392 0.563  0.132 1007.566  18.813 923.853  39.082
m1_0616 0.741  0.133 983.523  23.239 919.302  38.766
m1_0718 0.751  0.138 973.840  27.531 923.924  33.399
m1_0023 0.966  0.206 1031.518  30.250 1008.106  47.028
m1_0789 0.481  0.090 939.033  18.580 895.816  31.795
m1_0026 0.625  0.163 982.651  35.783 893.481  40.131
m1_0028 1.078  0.200 962.902  16.808 924.695  29.610
m1_0702 0.555  0.148 965.839  25.797 951.820  25.632
m1_0783 1.057  0.106 956.717  28.457 861.985  37.482
m1_0458 0.873  0.105 1028.063  22.566 948.972  30.003
m1_0257 0.581  0.123 1035.608  35.403 910.802  40.097
m1_0707 0.655  0.129 978.967  21.630 889.406  32.956
m1_0700 0.678  0.163 978.020  19.439 949.389  41.355
m1_0319 0.690  0.117 1054.790  30.136 1059.771  28.522
m1_0316 0.674  0.091 947.805  32.682 976.782  34.593
m1_0144 0.828  0.110 949.503  30.285 877.350  34.061
m1_0310 1.272  0.134 949.986  22.826 896.578  36.588
m1_0140 0.994  0.177 992.925  25.595 932.344  35.381
m1_0766 0.749  0.121 963.403  28.443 915.354  37.812
m1_0739 1.033  0.135 956.716  25.310 942.999  37.013
m1_0405 0.632  0.206 939.379  18.282 925.459  34.357
m1_0400 0.792  0.131 971.068  31.619 866.909  29.498
m1_0629 0.563  0.132 1021.680  16.539 977.919  35.548
m1_0799 0.859  0.167 1088.681  24.081 1012.808  34.399
m1_0019 0.432  0.106 955.499  27.955 953.224  18.914
m1_0654 0.694  0.147 940.109  29.037 917.478  34.570
m1_0796 3.685  0.263 1029.485  28.999 545.081  98.378
m1_0010 0.434  0.073 1056.703  24.791 1089.923  20.752
m1_0244 1.535  0.141 931.610  57.824 864.293  43.804
m1_0713 1.162  0.176 1006.362  36.291 915.211  36.896
m1_0710 0.590  0.130 978.348  22.411 961.461  33.391
m1_0247 0.896  0.245 1070.006  34.230 985.652  34.781
m1_0243 0.761  0.181 981.167  26.996 962.917  41.185
m1_0154 0.838  0.150 1011.724  30.401 983.673  37.183
m1_0361 0.913  0.105 1075.430  29.904 979.913  34.852
m1_0732 0.638  0.188 972.162  18.483 978.127  39.693
m1_0496 1.053  0.095 966.581  20.741 908.872  37.804
m1_0770 1.033  0.134 977.489  40.791 947.946  32.302
m1_0773 0.810  0.216 1009.429  27.838 933.094  42.250
m1_0473 0.713  0.272 1015.602  29.771 1021.624  36.013
m1_0148 0.711  0.176 997.478  25.584 940.414  24.677
m1_0779 0.755  0.134 1012.933  28.193 929.688  41.346
m1_0475 0.775  0.143 976.962  32.186 914.268  33.289
m1_0139 0.618  0.247 1006.400  26.646 1004.852  42.698
m1_0340 1.170  0.152 966.241  25.845 893.325  32.176
m1_0486 0.533  0.128 1051.577  23.870 1050.422  25.716
m1_0008 0.796  0.169 962.652  24.771 906.678  29.019
m1_0489 0.932  0.369 999.827  28.870 960.796  30.724
m1_0271 0.663  0.148 1023.909  44.112 956.405  40.063
m1_0564 0.540  0.104 989.514  26.917 966.068  37.016
m1_0273 0.577  0.075 1044.921  31.376 1015.359  26.934
m1_0272 0.514  0.084 983.277  20.129 957.515  30.735
m1_0141 4.786  0.766 660.922  165.954 320.663  131.314
m1_0562 1.008  0.120 931.204  37.351 860.484  37.041
m1_0161 1.045  0.158 1054.809  41.956 944.774  31.940
m1_0278 1.025  0.152 911.931  36.698 911.011  26.068
m1_0372 0.556  0.150 1032.812  29.413 1012.171  25.938
m1_0374 0.775  0.077 981.284  20.354 939.199  35.007
m1_0568 0.683  0.156 951.732  28.220 903.412  36.632
m1_0377 0.538  0.093 1039.498  22.954 951.982  35.420
m1_0468 2.918  0.133 976.954  15.274 737.669  49.475
m1_0469 4.055  0.152 948.785  18.253 604.866  70.521
m1_0505 0.508  0.136 1030.272  21.051 949.767  37.018
m1_0503 0.812  0.145 964.153  32.213 913.187  28.775
m1_0502 1.078  0.167 1057.936  19.223 973.944  31.673
m1_0746 1.001  0.162 989.124  49.733 912.330  41.495
m1_0182 0.699  0.212 1009.627  43.066 977.729  45.046
m1_0464 0.751  0.174 948.934  27.871 927.242  32.982
m1_0185 0.636  0.125 1024.576  31.551 993.652  29.155
m1_0508 1.045  0.166 1041.552  35.087 962.900  34.199
m1_0175 0.755  0.159 940.431  26.227 954.744  30.233
m1_0173 0.777  0.112 946.836  41.038 879.108  39.254
m1_0674 0.454  0.106 1047.461  29.964 1046.310  27.845
m1_0597 4.275  0.262 724.978  143.043 547.776  96.299
m1_0576 1.170  0.510 966.924  35.575 846.212  75.942
m1_0577 0.756  0.120 1013.012  29.887 947.722  27.011
m1_0264 0.993  0.189 897.715  73.276 802.594  44.458
m1_0074 0.502  0.113 952.821  27.560 924.535  44.964
m1_0073 0.719  0.193 995.485  28.563 935.758  34.773
m1_0072 0.709  0.227 948.220  25.197 927.719  41.535
m1_0199 3.433  0.288 1023.083  28.999 798.897  72.826
m1_0694 0.735  0.125 994.848  32.783 961.656  33.747
m1_0759 0.966  0.124 982.917  35.302 884.201  38.567
m1_0190 0.638  0.132 959.278  31.497 914.909  35.446
m1_0754 0.880  0.174 1025.547  20.621 955.897  36.692
m1_0752 0.776  0.163 971.459  28.796 895.779  43.623
m1_0237 0.571  0.103 1023.966  26.586 1001.526  25.610
m1_0293 0.709  0.171 909.536  27.606 858.429  28.281
m1_0294 0.590  0.107 1002.587  24.693 995.723  28.632
m1_0298 0.852  0.131 952.416  30.055 890.254  27.130
m1_0352 0.901  0.224 964.025  18.645 843.695  38.614
m1_0668 0.506  0.093 946.936  37.261 945.804  29.064
m1_0104 0.889  0.139 1033.581  28.658 947.413  44.284
m1_0068 1.136  0.149 1000.245  33.331 881.471  37.018
m1_0065 0.636  0.145 994.136  28.600 960.277  39.629
m1_0066 1.558  0.153 931.326  27.502 932.499  37.149
m1_0067 0.859  0.148 946.053  48.779 953.319  28.208
m1_0625 0.551  0.126 988.372  27.710 971.964  26.804
m1_0216 0.900  0.098 951.786  34.447 871.490  32.736
m1_0684 0.639  0.156 958.463  23.233 944.387  31.914
m1_0687 0.794  0.131 942.017  27.905 936.476  37.673
m1_0681 0.550  0.128 1066.186  30.127 1011.361  36.542
m1_0527 0.892  0.162 1008.238  31.221 887.737  53.719
m1_0526 0.623  0.203 1042.945  28.045 927.747  43.031
m1_0528 0.507  0.082 967.634  21.232 934.439  25.242
m1_0721 0.588  0.087 998.833  22.546 974.157  21.214
m1_0688 0.542  0.077 1063.185  29.045 1009.293  25.999
m1_0283 0.978  0.133 970.029  37.699 922.530  30.553
m1_0287 0.436  0.084 1082.846  22.256 1048.405  29.029
m1_0288 0.539  0.123 967.386  17.532 919.227  29.266
m1_0289 1.349  0.141 981.946  56.878 966.665  30.797
m1_0110 0.538  0.111 1057.384  32.532 1066.377  33.404
m1_0112 1.247  0.145 974.293  30.495 900.687  32.430
m1_0115 0.709  0.122 973.432  27.211 885.694  31.692
m1_0119 0.664  0.112 867.271  34.912 821.967  31.443
m1_0059 0.802  0.240 1041.900  23.151 943.225  37.192
m1_0599 0.901  0.140 974.837  36.019 873.901  31.817
m1_0321 1.507  0.323 910.790  30.677 824.339  38.551
m1_0452 0.801  0.103 993.529  19.002 989.599  25.116
m1_0594 0.992  0.124 951.757  39.067 945.211  31.916
m1_0050 0.794  0.127 1013.031  31.086 899.922  33.327
m1_0052 0.483  0.105 1002.942  35.136 1008.573  34.454
m1_0205 0.704  0.132 979.286  29.392 876.375  32.919
m1_0592 0.678  0.207 941.468  19.973 937.510  44.208
m1_0560 0.855  0.139 953.088  22.981 847.771  35.361
m1_0436 0.618  0.105 941.807  26.809 920.810  28.058
m1_0435 0.894  0.131 996.139  25.636 1046.227  34.495
m1_0538 0.749  0.205 1036.154  25.637 1031.040  34.030
m1_0537 5.299  0.458 939.041  24.858 278.188  114.572
m1_0534 0.536  0.118 1015.778  33.710 977.067  37.034
m1_0735 0.699  0.122 958.909  29.883 974.178  33.979
m1_0737 0.779  0.107 976.669  25.203 921.111  33.779
m1_0657 0.899  0.081 980.155  29.814 912.672  33.233
m1_0235 0.564  0.106 1029.211  44.387 1002.091  41.172
m1_0234 0.507  0.101 1079.350  21.033 1081.932  26.344
m1_0044 0.823  0.127 940.690  23.373 844.856  35.494
m1_0129 0.612  0.202 1017.614  22.684 984.618  35.466
m1_0233 0.841  0.118 976.963  27.753 892.545  33.507
m1_0569 0.449  0.057 970.347  29.695 947.338  19.308
m1_0337 0.972  0.142 1028.144  16.101 939.011  29.118
m1_0330 0.569  0.161 1051.584  27.721 1036.202  37.024
m1_0449 0.655  0.112 1000.409  22.465 992.202  25.583
m1_0603 1.047  0.231 1033.819  29.460 936.885  34.535